  0   32 135   LDA 135
  2   16 131   STA 131
  4   16 132   STA 132
  6   32 128   LDA 128
  8  144 225   JN  225
 10   32 129   LDA 129
 12  144 225   JN  225
 14   32 130   LDA 130
 16   48 134   ADD 134
 18  160  39   JZ  39
 20   48 134   ADD 134
 22  160  48   JZ  48
 24   48 134   ADD 134
 26  160  64   JZ  64
 28   48 134   ADD 134
 30  160  83   JZ  83
 32  128 232   JMP 232
 34    0       NOP
 35    0       NOP
 36    0       NOP
 37    0       NOP
 38    0       NOP
 39   32 128   LDA 128
 41   48 129   ADD 129
 43   16 131   STA 131
 45  128 246   JMP 246
 47    0       NOP
 48   32 129   LDA 129
 50   96       NOT
 51   48 133   ADD 133
 53   16 129   STA 129
 55   32 128   LDA 128
 57   48 129   ADD 129
 59   16 131   STA 131
 61  128 246   JMP 246
 63    0       NOP
 64   32 129   LDA 129
 66  160  80   JZ  80
 68   48 134   ADD 134
 70   16 129   STA 129
 72   32 128   LDA 128
 74   48 131   ADD 131
 76   16 131   STA 131
 78  128  64   JMP 64
 80  128 246   JMP 246
 82    0       NOP
 83   32 128   LDA 128
 85   16 136   STA 136
 87   32 129   LDA 129
 89   96       NOT
 90   48 133   ADD 133
 92   16 129   STA 129
 94   32 129   LDA 129
 96  160 239   JZ  239
 98   32 136   LDA 136
100  160 246   JZ  246
102  144 246   JN  246
104   48 129   ADD 129
106  144 246   JN  246
108   16 136   STA 136
110   32 133   LDA 133
112   48 131   ADD 131
114   16 131   STA 131
116  128  98   JMP 98
118    0       NOP
119    0       NOP
120    0       NOP
121    0       NOP
122    0       NOP
123    0       NOP
124    0       NOP
125    0       NOP
126    0       NOP
127    0       NOP

128   25      
129   25      
130   25      
131    0      
132    0      
133    1      
134  255      
135    0      
136    0      
137    1      
138    2      
139    3      
140    0      
141    0      
142    0      
143    0      
144    0      
145    0      
146    0      
147    0      
148    0      
149    0      
150    0      
151    0      
152    0      
153    0      
154    0      
155    0      
156    0      
157    0      
158    0      
159    0      
160    0      
161    0      
162    0      
163    0      
164    0      
165    0      
166    0      
167    0      
168    0      
169    0      
170    0      
171    0      
172    0      
173    0      
174    0      
175    0      
176    0      
177    0      
178    0      
179    0      
180    0      
181    0      
182    0      
183    0      
184    0      
185    0      
186    0      
187    0      
188    0      
189    0      
190    0      
191    0      
192    0      
193    0      
194    0      
195    0      
196    0      
197    0      
198    0      
199    0      
200    0      
201    0      
202    0      
203    0      
204    0      
205    0      
206    0      
207    0      
208    0      
209    0      
210    0      
211    0      
212    0      
213    0      
214    0      
215    0      
216    0      
217    0      
218    0      
219    0      
220    0      
221    0      
222    0      
223    0      
224    0      
225   32      
226  137      
227   16      
228  132      
229  128      
230  246      
231    0      
232   32      
233  138      
234   16      
235  132      
236  128      
237  246      
238    0      
239   32      
240  139      
241   16      
242  132      
243  128      
244  246      
245    0      
246   32      
247  135      
248   16      
249  128      
250   16      
251  129      
252   16      
253  130      
254  240      
255    0      
